95       11       0  1  2  5  8 17 28 39 53 63 82
  93       11       0  1  2  5 14 20 24 31 52 60 68
  91       11       0  1  3 10 11 23 25 29 54 59 75
  92       11       0  1  2  4 40 50 51 59 64 71 77
  95       11       0  1  2  5  8 17 28 39 53 63 82
  93       11       0  1  2  5 14 20 24 31 52 60 68
  91       11       0  1  3 10 11 23 25 29 54 59 75
  92       11       0  1  2  4 40 50 51 59 64 71 77
  95       11       0  1  2  5  8 17 28 39 53 63 82
  93       11       0  1  2  5 14 20 24 31 52 60 68
  91       11       0  1  3 10 11 23 25 29 54 59 75
  92       11       0  1  2  4 40 50 51 59 64 71 77
  91       11       0  1  3 10 11 23 25 29 54 59 75
  92       11       0  1  2  4 40 50 51 59 64 71 77
  93       11       0  1  2  5 14 20 24 31 52 60 68
  91       12       0  1  3 10 11 23 25 29 54 59 75 89
  92       12       0  1  2  4 40 50 51 59 64 71 77 90
  93       12       0  1  2  5 14 20 24 31 52 60 68 91
  89       11       0  1  2  3  5 12 18 43 57 65 71
  90       11       0  1  2  3  6 33 46 54 67 74 81
  91       13       0  1  3 10 11 23 25 29 54 60 61 65 75
  92       13       0  1  2  4 40 50 51 59 64 71 78 79 90
  93       13       0  1  2  5 14 20 24 31 52 60 69 70 86
  89       11       0  1 11 18 33 48 62 64 67 68 76
  89       11       0  1  5 16 18 25 28 49 54 60 68
  90       11       0  1  3 15 20 21 31 58 65 69 82
  90       11       0  1  5 17 23 46 56 60 63 69 71
  91       10       0  1 19 22 24 32 36 65 76 85
  92       11       0  1  5 21 23 30 47 74 79 82 85
  93       11       0  1  8 14 39 44 56 67 72 76 91
  94       12       0  1 16 20 25 35 48 50 74 77 86 88
  94       12       0  1  7 24 25 34 38 39 73 81 89 92
  94       12       0  1  3 12 14 23 31 37 47 52 69 90
  94       12       0  1  5 11 45 57 58 62 64 71 84 87
  94       12       0  1 11 12 32 33 34 59 76 81 87 90
  94       12       0  1  2  3  4  5  6 14 23 30 46 61
  95       11       0  1  8 18 29 50 55 77 80 89 93
  96       12       0  1 15 18 47 49 53 63 77 84 88 89
  96       12       0  1  7 40 45 48 61 69 71 78 82 91
  96       12       0  1  5  7 13 25 37 47 59 68 82 85
  96       12       0  1  9 24 41 46 54 57 58 60 67 85
  96       12       0  1  3 33 37 44 45 49 59 62 68 76
  96       12       0  1  6 12 24 35 50 65 75 83 92 95
  96       12       0  1 12 14 19 38 41 47 51 72 80 95
  97       12       0  1 15 20 54 60 64 67 71 72 89 96
  97       12       0  1 12 15 26 45 50 58 68 75 77 81
  97       12       0  1  9 30 33 38 40 50 56 61 65 84
  97       12       0  1  2 28 33 54 59 76 79 83 88 89
  97       12       0  1  6 13 23 43 44 47 70 79 81 95
  97       12       0  1 20 28 29 43 65 67 71 82 85 92
  97       12       0  1  5  7 25 39 47 50 56 60 72 75
  98       12       0  1  2 30 34 38 43 53 60 78 84 87
  98       12       0  1 20 33 35 49 69 75 77 87 94 96
  98       12       0  1 10 11 12 17 36 58 66 77 81 95
  98       12       0  1  6 14 25 38 40 47 50 63 67 68
  98       12       0  1 15 23 31 37 43 48 50 69 89 95
  99       12       0  1  8 11 12 26 28 45 51 64 69 78
  99       12       0  1 15 27 29 47 65 72 73 86 89 95
  99       12       0  1 12 18 56 59 61 63 65 69 84 85
  99       12       0  1 21 22 23 28 31 35 40 73 84 98
  99       12       0  1 10 11 35 47 63 69 90 92 95 96
 100       12       0  1  4  5 17 44 46 67 69 86 91 97
 100       12       0  1  8 11 35 49 50 58 63 75 79 81
 101       12       0  1  2 40 47 54 60 66 69 77 87 97
 101       12       0  1 21 26 33 46 52 55 61 63 65 79
 101       12       0  1  6 18 28 30 37 53 61 87 98100
 102       12       0  1 16 18 38 43 46 49 52 55 59 78
 102       12       0  1  5 10 15 40 51 53 69 72 75 95
 102       12       0  1 12 28 30 43 45 47 50 53 79 93
 103       12       0  1 21 37 40 67 71 75 79 81 88 93
 103       12       0  1  4  6 34 41 60 61 70 72 86 94
 103       12       0  1  7 22 26 34 36 39 43 54 80 94
 103       12       0  1  8 14 22 26 55 64 66 81 98101
 103       12       0  1  2  7 11 19 29 35 49 64 78101
 103       12       0  1  8 26 32 44 47 49 57 61 66 77
 103       12       0  1 17 22 28 34 36 43 72 80 90100
 103       12       0  1 16 18 22 27 40 58 70 84 93 96
 103       12       0  1  4 25 27 41 56 75 85 92 95 98
 103       12       0  1 10 12 13 17 26 32 40 61 70 79
 103       12       0  1 36 43 46 49 51 60 65 77 79 83
 103       12       0  1  8 15 17 20 30 40 44 51 57 85
 103       12       0  1  8 10 21 28 58 64 70 80 96 99
 103       12       0  1  3 19 43 48 56 65 71 72 92 96
 103       12       0  1  6  7  8 19 22 36 46 50 77102
 103       12       0  1  4 16 26 51 65 66 70 74 76 83
 103       12       0  1  3  7 16 21 31 33 45 48 56 67
 103       12       0  1 13 21 26 32 47 56 65 87 97101
 103       12       0  1 11 27 29 36 41 44 48 49 80 86
 103       12       0  1 10 18 48 53 59 61 80 84 87 99
 103       12       0  1  8  9 11 15 31 34 47 52 64 76
 103       12       0  1  6 18 25 34 47 64 78 89 99101
 103       12       0  1  9 19 21 24 38 54 63 69 76 80
 103       12       0  1  4 14 26 33 34 42 44 50 81102
 103       12       0  1 11 12 13 35 44 49 69 75 96 99
 103       12       0  1 22 26 30 46 70 83 84 86 93 98
 103       12       0  1  8 36 42 54 57 63 65 67 68 87
 103       12       0  1 14 18 21 29 36 45 66 76 78 98
 103       12       0  1 18 22 33 38 46 52 69 72 79 81
 103       12       0  1  7 39 41 57 62 66 69 70 84 93
 103       12       0  1 34 45 54 57 61 68 83 85 93 98
 103       12       0  1 18 20 25 28 40 46 56 60 69 93
 103       12       0  1  3  5 14 35 42 55 71 80 86 98
 103       12       0  1  6 13 27 44 45 55 63 78 80100
 103       12       0  1 10 17 21 42 50 55 77 83 89101
 103       12       0  1 15 24 26 37 43 47 50 55 70 88
 103       12       0  1  3 20 53 57 59 61 68 75 80 93
 103       12       0  1 18 27 42 48 71 81 83 85 96 99
 103       12       0  1  2  7 17 21 30 33 41 46 50 68
 103       12       0  1  9 25 29 33 36 46 48 72 90 98
 103       12       0  1 12 17 25 39 53 63 72 74 97100
 103       12       0  1  4  9 19 24 26 32 35 53 65 67
 103       12       0  1  9 10 16 18 38 42 64 69 89100
 103       12       0  1 10 12 20 25 28 35 39 65 71 82
 103       12       0  1  7 15 46 51 55 62 72 73 75 85
 103       12       0  1  3 11 13 27 45 66 73 81 97101
 103       12       0  1  7  9 19 34 47 51 67 81 86101
 103       12       0  1 12 14 17 30 61 62 77 81 87 96
 103       12       0  1 11 16 27 36 40 53 81 84 96 98
 104       12       0  1  3  4 11 24 30 55 58 67 72 89
 104       12       0  1  2 13 34 37 52 57 75 79 89 98
 104       12       0  1  2 11 31 34 52 63 79 91 98101
 104       12       0  1  4  7 17 22 31 63 69 71 82 83
 104       12       0  1  5 15 25 27 33 44 67 74 80 83
 104       12       0  1  2  8 13 22 25 40 44 54 70 77
 104       12       0  1 23 30 41 44 47 57 59 76 96101
 104       12       0  1 14 18 21 37 43 45 56 78 90 95
 104       12       0  1  6 33 37 52 63 76 85 87 97101
 104       12       0  1  9 14 29 31 36 42 48 52 55 73
 104       12       0  1 11 17 25 26 28 62 69 81 82100
 104       12       0  1  9 12 14 16 43 49 66 74 84 94
 104       12       0  1 14 29 39 43 50 73 78 85 96102
 104       12       0  1  3  7 14 27 32 36 44 55 65 89
 105       12       0  1 21 28 39 43 56 66 72 75 78 80
 105       12       0  1 14 18 21 44 52 54 78 91 94100
 105       12       0  1 24 26 31 39 42 43 49 71 76 85
 105       12       0  1  8 13 35 61 64 66 75 81 82 85
 105       12       0  1  2 22 30 36 55 62 89 94103104
 105       12       0  1  6 20 46 48 55 62 72 75 83 87
 105       12       0  1  2  6 15 36 43 57 78 81 89101
 105       12       0  1  2 25 33 43 45 71 84 90 98101
 106       12       0  1 27 35 47 52 54 60 63 84 92102
 106       12       0  1  4  9 24 26 32 42 53 60 72 93
 106       12       0  1 18 24 29 32 44 53 56 60 66105
 106       12       0  1  3  7 17 33 50 62 67 85 86 98
 106       12       0  1  6 31 34 38 46 53 55 60 73 96
 107       12       0  1 11 15 23 28 47 62 78 80 81 87
 107       12       0  1 12 30 58 64 71 72 81 83103104
 108       12       0  1 13 28 30 34 39 42 52 73 89 96
 109       12       0  1 21 30 47 54 57 79 91 95 97102
 109       12       0  1 17 26 43 47 50 72 82 84 90 95
 110       12       0  1 34 38 47 54 59 66 69 77 83109
 110       12       0  1 12 24 33 43 58 84 87 98104106
 111       12       0  1 16 18 20 26 29 50 75 84 89 96
 112       12       0  1  4 15 17 48 56 60 78 87 92106
 113       12       0  1 13 16 30 55 61 70 80102106108
 114       13       0  1  3 20 36 59 62 66 77 80 93105109
 114       13       0  1 44 47 53 66 70 74 79 86101103104
 114       13       0  1  9 24 28 35 41 42 45 47 72 94 99
 114       13       0  1  3 37 39 55 58 75 80 84 90103107
 114       13       0  1  3 10 20 22 33 57 71 72 88106111
 114       13       0  1 13 15 37 39 43 44 46 54 62 71 94
 114       13       0  1  6 12 20 39 48 70 77 80 98100102
 114       13       0  1  2  8 12 20 34 39 42 55 70 90 99
 114       13       0  1 32 49 50 68 73 76 83 89101103105
 114       13       0  1 20 42 43 45 49 53 59 64 77 80 89
 114       13       0  1  8 11 37 60 65 69 81 84100102108
 114       13       0  1  5 21 29 36 38 44 84 89100101111
 114       13       0  1  2  7 18 26 29 40 49 57 61 70106
 114       13       0  1  7 11 13 17 21 36 39 70 75 84108
 114       13       0  1  4 11 21 45 60 65 78 83 92106108
 114       13       0  1 23 43 51 56 62 83 86 89 96 98100
 114       13       0  1  5 12 24 27 56 74 76 80 84 90 93
 114       13       0  1  7 21 23 27 56 59 67 72 84 96106
 114       13       0  1  4  8 16 21 26 32 35 49 76 78 79
 114       13       0  1  2  4 23 61 69 73 79 86 89104113
 114       13       0  1 10 21 29 43 49 61 73 78 99108112
 114       13       0  1  6 10 24 26 29 44 45 56 66 67107
 114       13       0  1 18 38 56 63 67 87 92 97100109113
 114       13       0  1  4 10 15 22 38 42 57 67 75 88112
 114       13       0  1  5 43 49 52 73 83 86 88102106108
 114       13       0  1  2  5  6 45 49 62 74 83 92100109
 114       13       0  1  4  6 11 18 37 49 52 65 85 93109
 114       13       0  1  9 21 30 32 58 64 74 81 96 99110
 114       13       0  1 10 13 26 39 58 72 79 80103107109
 114       13       0  1 12 15 17 58 63 66 76 84 85 91 95
 114       13       0  1  2 11 26 52 55 60 77 79 83 95102
 114       13       0  1 13 15 18 44 52 58 82 93100104113
 114       13       0  1  3  9 15 30 38 46 51 55 56 62 95
 114       13       0  1 24 44 47 56 57 59 63 73 84 92 97
 114       13       0  1 17 20 42 50 60 63 75 77 81 86107
 114       13       0  1  7 39 42 53 64 85 86 90 95 98113
 114       13       0  1  7  9 17 29 33 36 47 58 63100102
 114       13       0  1 16 20 43 45 48 53 54 67 74 84102
 114       13       0  1 17 26 44 62 72 73 74 77 93101108
 114       13       0  1 14 17 20 23 63 70 71 73 99103110
 114       13       0  1  9 11 25 28 46 76 81 85 89101108
 114       13       0  1 25 27 31 32 41 49 69 82 88103111
 114       13       0  1  5 15 23 25 51 56 65 68 81100108
 114       13       0  1  2 22 53 60 70 72 79 87 93100111
 114       13       0  1 34 48 57 59 74 77 78 82 99102109
 114       13       0  1 20 25 39 43 45 50 60 77 93103106
 114       13       0  1  9 15 23 32 36 57 68 94 96 99106
 114       13       0  1 16 18 19 26 53 54 59 65 86101110
 114       13       0  1 19 22 29 43 53 65 69 70 76 78 85
 114       13       0  1 19 23 44 53 70 73 99100102109110
 114       13       0  1 15 20 22 31 39 75 76 82 86 88111
 114       13       0  1 21 41 48 53 75 83 86 89 96 98111
 114       13       0  1  3 10 13 14 41 50 66 70 92 94109
 114       13       0  1  3  4 28 29 45 46 82 84 95103108
 114       13       0  1 13 20 21 22 25 43 53 59 70 85100
 114       13       0  1 10 12 15 18 27 36 43 49 56 75 79
 114       13       0  1  6 15 48 53 58 65 66 69 85 87 89
 114       13       0  1 11 13 17 32 44 68 75 89 92 97105
 114       13       0  1 31 44 58 64 68 87 89 92 96103104
 114       13       0  1  6 19 21 33 41 58 62 71 78 81109
 114       13       0  1  4 19 22 28 30 33 58 65 85 95102
 114       13       0  1  3 29 30 34 43 51 53 76 88 99108
 114       13       0  1  2 14 19 28 44 52 55 59 65 91 94
 114       13       0  1  3 11 32 49 58 62 74 81 96101109
 114       13       0  1  5  8 11 31 41 50 53 71 87 98100
 114       13       0  1  5 14 18 24 40 51 70 71 73100107
 114       13       0  1 20 27 43 51 53 71 75 88100109111
 114       13       0  1  3  5 32 46 51 57 60 81 97104107
 114       13       0  1  7 23 35 38 52 71 80 84 90 92110
 114       13       0  1  6 14 16 20 28 56 67 85 88 90 97
 114       13       0  1  5 13 26 34 37 54 62 84100107109
 114       13       0  1  2  5 10 26 54 68 76 80 83 96113
 114       13       0  1  9 17 29 35 67 74 77 79 88 92107
 114       13       0  1  8 12 18 33 35 43 48 57 59 62 94
 114       13       0  1 14 32 35 44 49 75 86 90 96106113
 114       13       0  1  5 12 15 17 23 42 49 62 71 91 93
 114       13       0  1 11 23 25 28 53 57 66 67 73 88106
 114       13       0  1 28 48 56 60 66 67 91 92 97100113
 114       13       0  1  8 16 24 32 56 58 97100103109110
 114       13       0  1 13 18 20 36 40 46 47 50 55 71112
 115       13       0  1  3 10 33 39 54 66 74 94100111113
 115       13       0  1  5 37 39 53 59 74 77 84 86 92103
 115       13       0  1  7 19 34 36 38 47 58 61 63 68108
 115       13       0  1  5  6  8 22 32 49 64 77 86 97111
 115       13       0  1  2  4  6 21 28 36 47 55 78103107
 115       13       0  1 17 20 28 32 37 42 50 71 95 97109
 115       13       0  1 29 36 40 48 61 66 83 93100107113
 115       13       0  1 14 18 30 41 48 50 51 56 70 72 76
 115       13       0  1  4 11 14 23 25 28 33 43 49 79 85
 115       13       0  1 10 20 25 28 38 50 61 63 67 95109
 115       13       0  1  7 10 12 18 26 41 46 68 78 82103
 115       13       0  1  3 12 16 22 29 47 49 72 86 91110
 115       13       0  1 17 44 45 56 69 75 77 91106109111
 115       13       0  1  7  9 14 29 36 51 67 69 92103112
 115       13       0  1  9 16 33 37 39 45 51 59 64113114
 115       13       0  1  4 16 35 38 50 78 80 87 92 98106
 115       13       0  1  5  8 50 53 60 74 76 87 91 93111
 115       13       0  1  4 10 15 36 43 50 52 77 99106107
 115       13       0  1 22 27 38 41 42 77 85 86 87103110
 115       13       0  1 13 15 17 28 52 59 62 78102107110
 115       13       0  1 12 17 49 55 57 65 69 84 90 93 97
 115       13       0  1 16 23 24 29 46 49 64 68 78 80 89
 115       13       0  1  2 23 36 37 40 82 85 88 92 97108
 115       13       0  1 23 26 30 36 38 47 52 72 83 97111
 115       13       0  1 10 12 14 17 20 33 61 63 79 90101
 115       13       0  1  7 17 45 66 70 75 77 81 89 99112
 115       13       0  1 20 23 26 32 39 44 76 80 90105107
 115       13       0  1  4 17 27 48 57 69 76 79 81 87101
 115       13       0  1  3 17 18 40 51 60 79 85 89 92 97
 115       13       0  1 10 18 24 39 62 66 69 80 82 94 99
 115       13       0  1  3  4  8 31 33 42 54 64 79 99105
 115       13       0  1 13 18 19 26 48 58 62 85100104113
 115       13       0  1 18 21 34 39 51 62 70101107109111
 115       13       0  1  5 14 22 24 42 44 47 54 60 89105
 115       13       0  1 19 23 25 40 45 55 56 69 97104107
 115       13       0  1 18 28 34 41 52 55 63 67 72 97 99
 115       13       0  1  4 13 25 27 41 43 48 63 99108109
 115       13       0  1 22 40 49 59 70 74 82 84 87 94110
 115       13       0  1  2  9 16 28 38 41 52 59 69 82111
 115       13       0  1  2 15 19 22 31 51 58 59 69 92111
 115       13       0  1  7 13 34 56 60 74 76 79 84 85 91
 115       13       0  1  8 13 32 65 67 71 76 85 87 88113
 115       13       0  1  5 12 17 26 27 53 70 73102104108
 115       13       0  1  3 11 27 51 67 71 73 80 85 90105
 115       13       0  1  4  7 15 25 40 65 67 84 93106110
 115       13       0  1  4 12 14 20 53 59 81 85 92 95110
 115       13       0  1 19 47 53 66 74 76 78 83 90 98101
 115       13       0  1 35 37 42 67 69 93 95 98100106112
 115       13       0  1  3 20 32 42 54 82 87 89 91 97105
 115       13       0  1  7 28 58 60 68 72 77 80 91106109
 115       13       0  1 12 52 55 67 69 77 78 87108111114
 115       13       0  1  2 27 31 34 36 61 78 94 96102106
 115       13       0  1  2 11 12 28 48 62 83 86104107111
 115       13       0  1 17 28 32 35 41 43 46 53 83 93112
 115       13       0  1 10 22 34 39 41 45 47 59 62 73 89
 115       13       0  1  6 36 43 45 53 57 72 77 90 93105
 115       13       0  1 24 26 29 36 40 56 72 87 93 98106
 115       13       0  1 16 17 33 37 43 51 59 62 64 71 92
 115       13       0  1  4  9 19 21 37 43 44 50 55 57 89
 115       13       0  1  4 42 44 52 57 61 66 77 88 89 95
 115       13       0  1  4  5  8 21 30 32 42 48 65 71101
 115       13       0  1  3 24 35 41 57 77 84 87 92102106
 115       13       0  1  8 10 18 28 32 40 47 51 53 56 89
 115       13       0  1 22 33 58 60 64 67 72 80 87 97113
 115       13       0  1 11 24 31 37 45 53 54 64 93111114
 115       13       0  1 11 16 55 57 61 64 65 77 84 91 98
 115       13       0  1  6 12 16 31 39 46 48 53 92 95103
 115       13       0  1 18 24 31 45 68 75 77 85 97100111
 115       13       0  1 14 17 18 27 40 48 72 79104109114
 115       13       0  1  5 11 31 40 50 72 92 93 95108109
 115       13       0  1  6 21 43 63 67 70 75 77 86 90103
 115       13       0  1  6  8 12 19 28 40 42 52 55 57 90
 115       13       0  1 10 14 17 25 27 37 61 66 67 94 97
 115       13       0  1  4 11 23 25 30 43 49 58 66 82 89
 115       13       0  1 36 50 53 61 67 77 82 93 95 97104
 115       13       0  1  6 19 32 35 42 57 59 67 71 95104
 115       13       0  1 17 19 27 28 32 51 54 73 95103109
 115       13       0  1 10 27 46 50 59 62 74 76 82 87 94
 116       13       0  1  4  7  9 36 49 62 76 86 95100105
 116       13       0  1  6  7 21 34 36 52 55 77 78105113
 116       13       0  1 10 17 25 28 32 37 43 82 93 95112
 116       13       0  1 11 20 27 33 44 48 50 51 56 86102
 116       13       0  1 21 32 39 40 43 49 66 73 78101103
 116       13       0  1 10 12 20 28 33 34 56 59 63 71 76
 116       13       0  1 13 47 55 56 64 84 91 95105111114
 116       13       0  1 13 17 19 24 41 49 55 70 73 90107
 116       13       0  1  2  3 29 47 59 65 78 83 97101108
 116       13       0  1 11 19 26 29 43 59 61 65 70 96104
 116       13       0  1  2 15 24 47 57 59 63 64 89 97100
 116       13       0  1  2 24 32 34 36 37 43 57 72 90101
 116       13       0  1 30 32 41 66 84 87 90 94101104109
 116       13       0  1  8 11 24 25 37 43 48 52 56 58 78
 116       13       0  1  4 26 29 32 36 42 44 53 83 97102
 116       13       0  1  5  9 16 30 48 58 60 71 88 94 97
 116       13       0  1  4 31 33 39 48 53 58 65 74 76 89
 116       13       0  1  6 12 21 24 53 66 78 82 92109115
 116       13       0  1 14 17 29 36 42 44 48 57 62 80106
 116       13       0  1 12 18 32 34 39 47 49 58 62 92114
 116       13       0  1 25 38 51 64 65 87 93 96 98100108
 116       13       0  1  3  9 19 26 41 48 75 79 84103105
 116       13       0  1 19 29 56 58 63 70 71 81 87 96113
 116       13       0  1  5  6 13 39 48 50 68 70 89 92106
 116       13       0  1 13 15 16 21 27 35 45 52 68 73 77
 116       13       0  1 19 23 41 52 54 57 60 69 86 96110
 116       13       0  1  8 13 26 59 66 69 78 80 84 89100
 117       12       0  1 12 18 21 25 34 48 53 61 63 92
 118       13       0  1  4 18 36 49 51 58 61 66 77 95116
 118       13       0  1 14 37 55 63 69 72 73 88 90107112
 118       13       0  1  7  8 10 11 41 59 64 83 91103112
 118       13       0  1 32 37 50 53 60 64 70 72 79 94115
 118       13       0  1 14 23 35 47 55 60 66 70 73 75102
 118       13       0  1 11 21 25 39 48 53 55 61 67 70 96
 118       13       0  1  4 17 19 36 39 47 50 71 76110112
 118       13       0  1  2 13 26 30 36 52 57 71 74 89111
 118       13       0  1 26 32 38 55 56 65 91 97 99104115
 119       13       0  1 12 20 24 25 60 81 87 88 90 97105
 119       13       0  1 17 22 26 30 47 50 53 60 62 64101
 119       13       0  1 14 17 19 37 45 49 70 71 77109118
 119       13       0  1  7 12 20 43 47 72 75 78 93109117
 120       13       0  1  8 14 17 19 21 44 46 56 68 80106
 120       13       0  1 22 24 30 34 41 68 81 84 86106112
 120       13       0  1 15 28 35 41 60 63 65 77 81110112
120 13 0 1 40 51 59 63 73 76 77100105107111