64    9            0   1   27   62   32   40   44   46   55
39    7            0   1   19   30   23   25   27
13    4            0   1   8   10
66    10            0   1   34   36   37   40   46   51   59   64
39    7            0   1   19   30   23   25   27
39    7            0   1   19   30   23   25   27
39    7            0   1   19   30   23   25   27
39    7            0   1   19   30   23   25   27
39    7            0   1   19   30   23   25   27
39    7            0   1   19   30   23   25   27
66    10            0   1   34   36   37   40   46   51   59   64
66    10            0   1   34   36   37   40   46   51   59   64
66    10            0   1   34   36   37   40   46   51   59   64
66    10            0   1   34   36   37   40   46   51   59   64
66    10            0   1   34   36   37   40   46   51   59   64
66    10            0   1   34   36   37   40   46   51   59   64
66    10            0   1   34   36   37   40   46   51   59   64
66    10            0   1   34   36   37   40   46   51   59   64
66    10            0   1   34   36   37   40   46   51   59   64
66    10            0   1   34   36   37   40   46   51   59   64
66    10            0   1   34   36   37   40   46   51   59   64
66    10            0   1   34   36   37   40   46   51   59   64
66    10            0   1   34   36   37   40   46   51   59   64
66    10            0   1   34   36   37   40   46   51   59   64
66    10            0   1   34   36   37   40   46   51   59   64
66    10            0   1   34   36   37   40   46   51   59   64
66    10            0   1   34   36   37   40   46   51   59   64
66    10            0   1   34   36   37   40   46   51   59   64
66    10            0   1   34   36   37   40   46   51   59   64
66    10            0   1   34   36   37   40   46   51   59   64
66    10            0   1   34   36   37   40   46   51   59   64
66    10            0   1   34   36   37   40   46   51   59   64
66    10            0   1   34   36   37   40   46   51   59   64
66    10            0   1   34   36   37   40   46   51   59   64
66    10            0   1   34   36   37   40   46   51   59   64
66    10            0   1   34   36   37   40   46   51   59   64
65    9            0   1   24   63   30   37   46   51   55
64    9            0   1   27   62   32   40   44   46   55
62    9            0   1   22   53   26   33   45   47   50
67    10            0   1   35   37   38   41   47   52   60   65
68    10            0   1   35   37   38   42   48   54   60   66
69    10            0   1   36   38   39   43   49   55   61   67
71    10            0   1   37   39   42   44   50   56   62   68
73    9            0   1   17   62   39   41   44   48   54
66    10            0   1   34   36   37   40   46   51   59   64
