  50        8       0  1  4  9 15 22 24 34
  15        5       0  1  6  9 11
  15        5       0  1  4  7 14
  16        5       0  1  4  9 14
  15        5       0  1  6  9 11
  15        5       0  1  4  7 14
  15        5       0  1  6  9 11
  15        5       0  1  4  7 14
  15        5       0  1  6  9 11
  15        5       0  1  4  7 14
  15        5       0  1  4  7 14
  15        5       0  1  6  9 11
  15        5       0  1  4  7 14
  15        5       0  1  6  9 11
  15        5       0  1  6  9 11
  15        5       0  1  4  7 14
  15        5       0  1  3  5  7
  15        5       0  1  4  7 14
  15        5       0  1  6  9 11
  15        5       0  1  6  9 11
  15        5       0  1  4  7 14
  15        5       0  1  3  5  7
