  95       11       0  1  2  5  8 17 28 39 53 63 82
  93       11       0  1  2  5 14 20 24 31 52 60 68
  91       11       0  1  3 10 11 23 25 29 54 59 75
  92       11       0  1  2  4 40 50 51 59 64 71 77
  95       11       0  1  2  5  8 17 28 39 53 63 82
  93       11       0  1  2  5 14 20 24 31 52 60 68
  91       11       0  1  3 10 11 23 25 29 54 59 75
  92       11       0  1  2  4 40 50 51 59 64 71 77
  95       11       0  1  2  5  8 17 28 39 53 63 82
  93       11       0  1  2  5 14 20 24 31 52 60 68
  91       11       0  1  3 10 11 23 25 29 54 59 75
  92       11       0  1  2  4 40 50 51 59 64 71 77
  91       11       0  1  3 10 11 23 25 29 54 59 75
  92       11       0  1  2  4 40 50 51 59 64 71 77
  93       11       0  1  2  5 14 20 24 31 52 60 68
  91       12       0  1  3 10 11 23 25 29 54 59 75 89
  92       12       0  1  2  4 40 50 51 59 64 71 77 90
  93       12       0  1  2  5 14 20 24 31 52 60 68 91
  89       11       0  1  2  3  5 12 18 43 57 65 71
  90       11       0  1  2  3  6 33 46 54 67 74 81
  91       13       0  1  3 10 11 23 25 29 54 60 61 65 75
  92       13       0  1  2  4 40 50 51 59 64 71 78 79 90
  93       13       0  1  2  5 14 20 24 31 52 60 69 70 86
